1648093329636 0.12 100
1648093469138 0.25 200
1648093608627 0.37 300
1648093748116 0.49 400
1648093887576 0.62 500
1648093973843 0.62 500
1648094119487 0.74 600
1648094258840 0.86 700
1648094398008 0.98 800
1648094536211 1.11 900
1648094675661 1.23 1000
1648094761907 1.23 1000
1648094907680 1.35 1100
1648095047194 1.48 1200
1648095186732 1.6 1300
1648095326418 1.72 1400
1648095466002 1.85 1500
1648095552227 1.85 1500
1648095698018 1.97 1600
1648095836434 2.09 1700
1648095975931 2.21 1800
1648096115365 2.34 1900
1648096254817 2.46 2000
1648096341037 2.46 2000
1648096486668 2.58 2100
1648096626177 2.71 2200
1648096765629 2.83 2300
1648096905151 2.95 2400
1648097043437 3.08 2500
1648097129672 3.08 2500
1648097275385 3.2 2600
1648097414629 3.32 2700
1648097553906 3.44 2800
1648097693188 3.57 2900
1648097832471 3.69 3000
1648097918689 3.69 3000
1648098064718 3.81 3100
1648098204147 3.94 3200
1648098342654 4.06 3300
1648098482707 4.18 3400
1648098622169 4.31 3500
1648098708381 4.31 3500
1648098854635 4.43 3600
1648098994112 4.55 3700
1648099133666 4.67 3800
1648099273129 4.8 3900
1648099412613 4.92 4000
1648099498840 4.92 4000
1648099643946 5.04 4100
1648099783469 5.17 4200
1648099923010 5.29 4300
1648100062603 5.41 4400
1648100202167 5.54 4500
1648100288414 5.54 4500
1648100434510 5.66 4600
1648100574020 5.78 4700
1648100714032 5.9 4800
1648100852314 6.03 4900
1648100991824 6.15 5000
1648101078113 6.15 5000
1648101224767 6.27 5100
1648101364512 6.4 5200
1648101504112 6.52 5300
1648101643760 6.64 5400
1648101783327 6.77 5500
1648101869566 6.77 5500
1648102015847 6.89 5600
1648102154356 7.01 5700
1648102294055 7.13 5800
1648102433709 7.26 5900
1648102573292 7.38 6000
1648102659559 7.38 6000
1648102805880 7.5 6100
1648102945488 7.63 6200
1648103085059 7.75 6300
1648103224719 7.87 6400
1648103364435 8.0 6500
1648103450686 8.0 6500
1648103596397 8.12 6600
1648103736052 8.24 6700
1648103875780 8.36 6800
1648104015505 8.49 6900
1648104155257 8.61 7000
1648104241581 8.61 7000
1648104387869 8.73 7100
1648104527457 8.86 7200
1648104667122 8.98 7300
1648104805820 9.1 7400
1648104945555 9.23 7500
1648105031898 9.23 7500
1648105178230 9.35 7600
1648105317956 9.47 7700
1648105457582 9.59 7800
1648105597205 9.72 7900
1648105736710 9.84 8000
1648105822956 9.84 8000
1648105969358 9.96 8100
1648106107989 10.09 8200
1648106247767 10.21 8300
1648106387654 10.33 8400
1648106527738 10.46 8500
1648106614072 10.46 8500
1648106760620 10.58 8600
1648106900235 10.7 8700
1648107040018 10.82 8800
1648107179750 10.95 8900
1648107318416 11.07 9000
1648107404770 11.07 9000
1648107551121 11.19 9100
1648107690962 11.32 9200
1648107830803 11.44 9300
1648107970716 11.56 9400
1648108110474 11.69 9500
1648108196807 11.69 9500
1648108343285 11.81 9600
