1648093329635 1e-05 100
1648093469137 2e-05 200
1648093608626 3e-05 300
1648093748115 4e-05 400
1648093887575 5e-05 500
1648094119486 4.979070740895773e-05 600
1648094258839 4.958141481791545e-05 700
1648094398008 4.937212222687317e-05 800
1648094536210 4.9162829635830895e-05 900
1648094675660 4.8953537044788615e-05 1000
1648094907679 4.874424445374634e-05 1100
1648095047194 4.853495186270407e-05 1200
1648095186731 4.832565927166178e-05 1300
1648095326417 4.811636668061951e-05 1400
1648095466001 4.7907074089577234e-05 1500
1648095698018 4.7697781498534954e-05 1600
1648095836433 4.748848890749268e-05 1700
1648095975930 4.72791963164504e-05 1800
1648096115364 4.706990372540812e-05 1900
1648096254816 4.6860611134365846e-05 2000
1648096486667 4.6651318543323566e-05 2100
1648096626176 4.644202595228129e-05 2200
1648096765628 4.623273336123902e-05 2300
1648096905150 4.602344077019673e-05 2400
1648097043437 4.581414817915446e-05 2500
1648097275384 4.5604855588112185e-05 2600
1648097414628 4.5395562997069905e-05 2700
1648097553905 4.518627040602763e-05 2800
1648097693188 4.497697781498535e-05 2900
1648097832471 4.476768522394307e-05 3000
1648098064718 4.45583926329008e-05 3100
1648098204146 4.4349100041858524e-05 3200
1648098342654 4.4139807450816243e-05 3300
1648098482706 4.393051485977396e-05 3400
1648098622169 4.372122226873169e-05 3500
1648098854635 4.351192967768941e-05 3600
1648098994111 4.3302637086647136e-05 3700
1648099133665 4.309334449560486e-05 3800
1648099273129 4.288405190456258e-05 3900
1648099412613 4.26747593135203e-05 4000
1648099643946 4.246546672247803e-05 4100
1648099783468 4.225617413143575e-05 4200
1648099923009 4.2046881540393475e-05 4300
1648100062602 4.1837588949351195e-05 4400
1648100202166 4.1628296358308914e-05 4500
1648100434509 4.141900376726664e-05 4600
1648100574019 4.120971117622436e-05 4700
1648100714032 4.100041858518209e-05 4800
1648100852314 4.0791125994139814e-05 4900
1648100991824 4.058183340309753e-05 5000
1648101224767 4.037254081205525e-05 5100
1648101364511 4.016324822101298e-05 5200
1648101504112 3.99539556299707e-05 5300
1648101643759 3.9744663038928426e-05 5400
1648101783327 3.9535370447886146e-05 5500
1648102015846 3.9326077856843865e-05 5600
1648102154356 3.911678526580159e-05 5700
1648102294055 3.890749267475932e-05 5800
1648102433708 3.869820008371704e-05 5900
1648102573291 3.8488907492674765e-05 6000
1648102805879 3.8279614901632485e-05 6100
1648102945487 3.8070322310590204e-05 6200
1648103085058 3.786102971954793e-05 6300
1648103224719 3.765173712850566e-05 6400
1648103364435 3.744244453746338e-05 6500
1648103596396 3.72331519464211e-05 6600
1648103736052 3.702385935537882e-05 6700
1648103875779 3.681456676433654e-05 6800
1648104015504 3.660527417329427e-05 6900
1648104155256 3.639598158225199e-05 7000
1648104387868 3.618668899120971e-05 7100
1648104527457 3.5977396400167436e-05 7200
1648104667121 3.5768103809125155e-05 7300
1648104805819 3.555881121808288e-05 7400
1648104945555 3.534951862704061e-05 7500
1648105178229 3.514022603599833e-05 7600
1648105317955 3.493093344495605e-05 7700
1648105457582 3.4721640853913775e-05 7800
1648105597205 3.4512348262871494e-05 7900
1648105736709 3.430305567182922e-05 8000
1648105969357 3.409376308078694e-05 8100
1648106107989 3.388447048974466e-05 8200
1648106247766 3.367517789870239e-05 8300
1648106387653 3.346588530766011e-05 8400
1648106527738 3.325659271661783e-05 8500
1648106760620 3.304730012557556e-05 8600
1648106900235 3.283800753453328e-05 8700
1648107040017 3.2628714943491e-05 8800
1648107179750 3.2419422352448726e-05 8900
1648107318415 3.221012976140645e-05 9000
1648107551121 3.200083717036417e-05 9100
1648107690961 3.179154457932189e-05 9200
1648107830803 3.158225198827962e-05 9300
1648107970715 3.137295939723734e-05 9400
1648108110474 3.1163666806195064e-05 9500
1648108343284 3.0954374215152784e-05 9600
