1648093329634 12.1912 100
1648093469136 4.7876 200
1648093608625 1.8672 300
1648093748115 1.7267 400
1648093887574 1.4294 500
1648094119485 1.2965 600
1648094258838 1.2621 700
1648094398007 1.2171 800
1648094536209 0.9543 900
1648094675659 1.0638 1000
1648094907678 1.018 1100
1648095047193 0.8984 1200
1648095186730 0.8845 1300
1648095326416 0.916 1400
1648095466001 0.8104 1500
1648095698017 0.8086 1600
1648095836433 0.8262 1700
1648095975929 0.7261 1800
1648096115363 0.7237 1900
1648096254815 0.6909 2000
1648096486666 0.7144 2100
1648096626175 0.688 2200
1648096765627 0.6646 2300
1648096905149 0.6647 2400
1648097043436 0.5997 2500
1648097275383 0.631 2600
1648097414627 0.6439 2700
1648097553905 0.5402 2800
1648097693187 0.635 2900
1648097832470 0.5426 3000
1648098064717 0.5798 3100
1648098204145 0.5785 3200
1648098342653 0.6201 3300
1648098482705 0.6128 3400
1648098622168 0.463 3500
1648098854634 0.5447 3600
1648098994110 0.5518 3700
1648099133664 0.4731 3800
1648099273128 0.4635 3900
1648099412612 0.5246 4000
1648099643945 0.5391 4100
1648099783467 0.4762 4200
1648099923008 0.5037 4300
1648100062601 0.4902 4400
1648100202165 0.4545 4500
1648100434508 0.5068 4600
1648100574018 0.4229 4700
1648100714031 0.3605 4800
1648100852313 0.47 4900
1648100991823 0.4099 5000
1648101224766 0.4245 5100
1648101364510 0.4381 5200
1648101504111 0.3707 5300
1648101643758 0.3285 5400
1648101783326 0.3738 5500
1648102015845 0.4013 5600
1648102154355 0.4158 5700
1648102294054 0.3678 5800
1648102433707 0.3957 5900
1648102573290 0.3987 6000
1648102805878 0.3856 6100
1648102945486 0.3143 6200
1648103085057 0.4076 6300
1648103224718 0.311 6400
1648103364434 0.2881 6500
1648103596395 0.3409 6600
1648103736051 0.3341 6700
1648103875778 0.342 6800
1648104015503 0.324 6900
1648104155255 0.2867 7000
1648104387868 0.3707 7100
1648104527456 0.3654 7200
1648104667120 0.2794 7300
1648104805818 0.3257 7400
1648104945554 0.2982 7500
1648105178228 0.3057 7600
1648105317954 0.2765 7700
1648105457581 0.3312 7800
1648105597204 0.3063 7900
1648105736709 0.3609 8000
1648105969357 0.3009 8100
1648106107988 0.3649 8200
1648106247765 0.3025 8300
1648106387652 0.3637 8400
1648106527737 0.2474 8500
1648106760619 0.2656 8600
1648106900234 0.2334 8700
1648107040016 0.2895 8800
1648107179749 0.3049 8900
1648107318414 0.2906 9000
1648107551120 0.2723 9100
1648107690960 0.3072 9200
1648107830802 0.2738 9300
1648107970714 0.2303 9400
1648108110473 0.2468 9500
1648108343283 0.2278 9600
