1648026614699 0.12 100
1648026754309 0.25 200
1648026893808 0.37 300
1648027033325 0.49 400
1648027172876 0.62 500
1648027259173 0.62 500
1648027405011 0.74 600
1648027544535 0.86 700
1648027684123 0.98 800
1648027822404 1.11 900
1648027961840 1.23 1000
1648028048176 1.23 1000
1648028193995 1.35 1100
1648028333709 1.48 1200
1648028473311 1.6 1300
1648028612860 1.72 1400
1648028752416 1.85 1500
1648028838710 1.85 1500
1648028984413 1.97 1600
1648029122797 2.09 1700
1648029262497 2.21 1800
1648029402049 2.34 1900
1648029541521 2.46 2000
1648029627831 2.46 2000
1648029773540 2.58 2100
1648029913181 2.71 2200
1648030075016 2.83 2300
1648030334025 2.95 2400
1648030472508 3.08 2500
1648030558795 3.08 2500
1648030704392 3.2 2600
1648030843966 3.32 2700
1648030983455 3.44 2800
1648031122949 3.57 2900
1648031262556 3.69 3000
1648031348922 3.69 3000
1648031495300 3.81 3100
1648031635053 3.94 3200
1648031773526 4.06 3300
1648031913201 4.18 3400
1648032052681 4.31 3500
1648032138970 4.31 3500
1648032285188 4.43 3600
1648032424740 4.55 3700
1648032564616 4.67 3800
1648032704321 4.8 3900
1648032843751 4.92 4000
1648032930062 4.92 4000
1648033075121 5.04 4100
1648033214683 5.17 4200
1648033354422 5.29 4300
1648033493912 5.41 4400
1648033633495 5.54 4500
1648033719834 5.54 4500
1648033866046 5.66 4600
1648034005599 5.78 4700
1648034145210 5.9 4800
1648034283643 6.03 4900
1648034423990 6.15 5000
1648034510300 6.15 5000
1648034656343 6.27 5100
1648034795922 6.4 5200
1648034935582 6.52 5300
1648035075106 6.64 5400
1648035214875 6.77 5500
1648035301179 6.77 5500
1648035447238 6.89 5600
1648035585474 7.01 5700
1648035724999 7.13 5800
1648035864419 7.26 5900
1648036003891 7.38 6000
1648036090201 7.38 6000
1648036236299 7.5 6100
1648036375878 7.63 6200
1648036515431 7.75 6300
1648036654993 7.87 6400
1648036794494 8.0 6500
1648036880816 8.0 6500
1648037026038 8.12 6600
1648037165654 8.24 6700
1648037305349 8.36 6800
1648037444996 8.49 6900
1648037584699 8.61 7000
1648037670999 8.61 7000
1648037817191 8.73 7100
1648037956864 8.86 7200
1648038096515 8.98 7300
1648038234941 9.1 7400
1648038374474 9.23 7500
1648038460795 9.23 7500
1648038607419 9.35 7600
1648038747206 9.47 7700
1648038886755 9.59 7800
1648039026325 9.72 7900
1648039165846 9.84 8000
1648039252218 9.84 8000
1648039398581 9.96 8100
1648039536841 10.09 8200
1648039676395 10.21 8300
1648039816180 10.33 8400
1648039955765 10.46 8500
1648040041988 10.46 8500
1648040188222 10.58 8600
1648040327707 10.7 8700
1648040467210 10.82 8800
1648040606736 10.95 8900
1648040745075 11.07 9000
1648040831335 11.07 9000
1648040977401 11.19 9100
1648041116819 11.32 9200
1648041256305 11.44 9300
1648041395783 11.56 9400
1648041535256 11.69 9500
1648041621478 11.69 9500
1648041767512 11.81 9600
1648041907042 11.93 9700
1648042045365 12.05 9800
1648042184850 12.18 9900
1648042324371 12.3 10000
1648042410665 12.3 10000
1648042556726 12.42 10100
1648042696183 12.55 10200
1648042835605 12.67 10300
1648042975220 12.79 10400
1648043114722 12.92 10500
1648043200966 12.92 10500
1648043345929 13.04 10600
1648043485485 13.16 10700
1648043625055 13.28 10800
1648043764532 13.41 10900
1648043904112 13.53 11000
1648043990341 13.53 11000
1648044136546 13.65 11100
1648044276230 13.78 11200
1648044415810 13.9 11300
1648044554125 14.02 11400
1648044693663 14.15 11500
1648044779912 14.15 11500
1648044926039 14.27 11600
1648045065470 14.39 11700
1648045204911 14.51 11800
1648045447089 14.64 11900
1648045624498 14.76 12000
1648045710737 14.76 12000
1648045857094 14.88 12100
1648045995255 15.01 12200
1648046134698 15.13 12300
1648046274194 15.25 12400
1648046413649 15.38 12500
1648046499921 15.38 12500
1648046645839 15.5 12600
1648046785378 15.62 12700
1648046924722 15.74 12800
1648047064108 15.87 12900
1648047203456 15.99 13000
1648047336456 15.99 13000
1648047568341 16.11 13100
1648047707707 16.24 13200
1648047847111 16.36 13300
1648047986592 16.48 13400
1648048125996 16.61 13500
1648048212219 16.61 13500
1648048358434 16.73 13600
1648048498276 16.85 13700
1648048638205 16.97 13800
1648048776480 17.1 13900
1648048916052 17.22 14000
1648049002308 17.22 14000
1648049148515 17.34 14100
1648049288011 17.47 14200
1648049428075 17.59 14300
1648049567710 17.71 14400
1648049707243 17.84 14500
1648049793500 17.84 14500
1648049939585 17.96 14600
1648050077803 18.08 14700
1648050217217 18.2 14800
1648050356823 18.33 14900
1648050496174 18.45 15000
1648050582449 18.45 15000
1648050728620 18.57 15100
1648050868181 18.7 15200
1648051007784 18.82 15300
1648051147313 18.94 15400
1648051285832 19.07 15500
1648051372104 19.07 15500
1648051518275 19.19 15600
1648051657760 19.31 15700
1648051797317 19.43 15800
1648051936870 19.56 15900
1648052076482 19.68 16000
1648052162773 19.68 16000
1648052308928 19.8 16100
1648052448367 19.93 16200
1648052531777 20.0 16260
