1648026614698 1e-05 100
1648026754308 2e-05 200
1648026893807 3e-05 300
1648027033324 4e-05 400
1648027172875 5e-05 500
1648027405010 4.968274111675127e-05 600
1648027544534 4.936548223350254e-05 700
1648027684123 4.904822335025381e-05 800
1648027822403 4.873096446700508e-05 900
1648027961839 4.8413705583756344e-05 1000
1648028193994 4.809644670050762e-05 1100
1648028333708 4.777918781725889e-05 1200
1648028473310 4.746192893401015e-05 1300
1648028612860 4.7144670050761425e-05 1400
1648028752415 4.682741116751269e-05 1500
1648028984412 4.651015228426396e-05 1600
1648029122796 4.619289340101523e-05 1700
1648029262496 4.58756345177665e-05 1800
1648029402048 4.555837563451777e-05 1900
1648029541520 4.5241116751269035e-05 2000
1648029773540 4.492385786802031e-05 2100
1648029913181 4.460659898477157e-05 2200
1648030075015 4.428934010152285e-05 2300
1648030334024 4.3972081218274116e-05 2400
1648030472508 4.365482233502538e-05 2500
1648030704391 4.333756345177665e-05 2600
1648030843965 4.302030456852792e-05 2700
1648030983454 4.270304568527919e-05 2800
1648031122948 4.238578680203046e-05 2900
1648031262555 4.206852791878173e-05 3000
1648031495299 4.1751269035532995e-05 3100
1648031635052 4.143401015228426e-05 3200
1648031773525 4.111675126903554e-05 3300
1648031913200 4.07994923857868e-05 3400
1648032052680 4.0482233502538075e-05 3500
1648032285187 4.0164974619289343e-05 3600
1648032424739 3.9847715736040605e-05 3700
1648032564615 3.953045685279188e-05 3800
1648032704320 3.921319796954315e-05 3900
1648032843750 3.889593908629442e-05 4000
1648033075120 3.8578680203045685e-05 4100
1648033214682 3.826142131979696e-05 4200
1648033354421 3.794416243654822e-05 4300
1648033493911 3.762690355329949e-05 4400
1648033633494 3.7309644670050766e-05 4500
1648033866045 3.699238578680203e-05 4600
1648034005598 3.66751269035533e-05 4700
1648034145210 3.635786802030457e-05 4800
1648034283643 3.604060913705584e-05 4900
1648034423989 3.572335025380711e-05 5000
1648034656342 3.5406091370558376e-05 5100
1648034795922 3.5088832487309645e-05 5200
1648034935581 3.477157360406091e-05 5300
1648035075105 3.445431472081219e-05 5400
1648035214875 3.413705583756345e-05 5500
1648035447237 3.381979695431472e-05 5600
1648035585474 3.3502538071065994e-05 5700
1648035724998 3.318527918781726e-05 5800
1648035864418 3.286802030456853e-05 5900
1648036003890 3.25507614213198e-05 6000
1648036236298 3.223350253807107e-05 6100
1648036375877 3.1916243654822336e-05 6200
1648036515431 3.1598984771573604e-05 6300
1648036654993 3.128172588832487e-05 6400
1648036794493 3.096446700507614e-05 6500
1648037026038 3.0647208121827416e-05 6600
1648037165653 3.032994923857868e-05 6700
1648037305348 3.0012690355329953e-05 6800
1648037444995 2.969543147208122e-05 6900
1648037584698 2.9378172588832486e-05 7000
1648037817190 2.9060913705583758e-05 7100
1648037956863 2.8743654822335027e-05 7200
1648038096514 2.84263959390863e-05 7300
1648038234941 2.8109137055837563e-05 7400
1648038374473 2.7791878172588832e-05 7500
1648038607418 2.7474619289340104e-05 7600
1648038747206 2.715736040609137e-05 7700
1648038886754 2.6840101522842644e-05 7800
1648039026324 2.652284263959391e-05 7900
1648039165846 2.620558375634518e-05 8000
1648039398580 2.588832487309645e-05 8100
1648039536840 2.5571065989847714e-05 8200
1648039676395 2.5253807106598986e-05 8300
1648039816179 2.4936548223350258e-05 8400
1648039955765 2.4619289340101523e-05 8500
1648040188222 2.430203045685279e-05 8600
1648040327706 2.3984771573604063e-05 8700
1648040467210 2.366751269035533e-05 8800
1648040606735 2.33502538071066e-05 8900
1648040745074 2.303299492385787e-05 9000
1648040977400 2.2715736040609136e-05 9100
1648041116819 2.2398477157360405e-05 9200
1648041256304 2.2081218274111677e-05 9300
1648041395782 2.1763959390862945e-05 9400
1648041535255 2.1446700507614213e-05 9500
1648041767511 2.1129441624365485e-05 9600
1648041907041 2.0812182741116754e-05 9700
1648042045364 2.049492385786802e-05 9800
1648042184850 2.017766497461929e-05 9900
1648042324370 1.986040609137056e-05 10000
1648042556725 1.9543147208121827e-05 10100
1648042696183 1.92258883248731e-05 10200
1648042835604 1.8908629441624368e-05 10300
1648042975219 1.8591370558375633e-05 10400
1648043114722 1.8274111675126904e-05 10500
1648043345928 1.7956852791878173e-05 10600
1648043485485 1.763959390862944e-05 10700
1648043625055 1.7322335025380713e-05 10800
1648043764531 1.700507614213198e-05 10900
1648043904112 1.668781725888325e-05 11000
1648044136545 1.6370558375634518e-05 11100
1648044276229 1.6053299492385787e-05 11200
1648044415809 1.5736040609137055e-05 11300
1648044554124 1.5418781725888327e-05 11400
1648044693662 1.5101522842639595e-05 11500
1648044926038 1.4784263959390865e-05 11600
1648045065469 1.4467005076142132e-05 11700
1648045204910 1.41497461928934e-05 11800
1648045447088 1.383248730964467e-05 11900
1648045624497 1.351522842639594e-05 12000
1648045857093 1.3197969543147209e-05 12100
1648045995255 1.288071065989848e-05 12200
1648046134697 1.2563451776649746e-05 12300
1648046274193 1.2246192893401016e-05 12400
1648046413648 1.1928934010152284e-05 12500
1648046645838 1.1611675126903555e-05 12600
1648046785377 1.1294416243654823e-05 12700
1648046924721 1.0977157360406091e-05 12800
1648047064108 1.0659898477157361e-05 12900
1648047203455 1.034263959390863e-05 13000
1648047568340 1.0025380710659898e-05 13100
1648047707706 9.708121827411168e-06 13200
1648047847110 9.390862944162437e-06 13300
1648047986591 9.073604060913705e-06 13400
1648048125995 8.756345177664975e-06 13500
1648048358433 8.439086294416244e-06 13600
1648048498275 8.121827411167512e-06 13700
1648048638205 7.804568527918782e-06 13800
1648048776479 7.4873096446700515e-06 13900
1648048916052 7.170050761421321e-06 14000
1648049148514 6.852791878172589e-06 14100
1648049288010 6.535532994923858e-06 14200
1648049428075 6.218274111675127e-06 14300
1648049567709 5.901015228426397e-06 14400
1648049707243 5.583756345177665e-06 14500
1648049939584 5.266497461928934e-06 14600
1648050077803 4.949238578680204e-06 14700
1648050217217 4.631979695431472e-06 14800
1648050356822 4.3147208121827415e-06 14900
1648050496173 3.997461928934011e-06 15000
1648050728619 3.680203045685279e-06 15100
1648050868180 3.362944162436548e-06 15200
1648051007783 3.0456852791878177e-06 15300
1648051147312 2.728426395939086e-06 15400
1648051285831 2.4111675126903553e-06 15500
1648051518274 2.0939086294416246e-06 15600
1648051657759 1.7766497461928936e-06 15700
1648051797317 1.4593908629441625e-06 15800
1648051936869 1.1421319796954315e-06 15900
1648052076481 8.248730964467006e-07 16000
1648052308928 5.076142131979695e-07 16100
1648052448366 1.903553299492386e-07 16200
