1648026614697 2.7886 100
1648026754307 1.692 200
1648026893806 1.0258 300
1648027033323 0.8916 400
1648027172874 0.8199 500
1648027405009 0.8167 600
1648027544533 0.8045 700
1648027684122 0.7573 800
1648027822402 0.6546 900
1648027961838 0.6112 1000
1648028193993 0.6386 1100
1648028333707 0.5867 1200
1648028473309 0.624 1300
1648028612859 0.5818 1400
1648028752414 0.5784 1500
1648028984411 0.5928 1600
1648029122795 0.503 1700
1648029262495 0.4969 1800
1648029402047 0.4427 1900
1648029541519 0.4626 2000
1648029773539 0.4632 2100
1648029913180 0.5009 2200
1648030075014 0.4695 2300
1648030334023 0.4591 2400
1648030472507 0.42 2500
1648030704390 0.3843 2600
1648030843964 0.3834 2700
1648030983453 0.3774 2800
1648031122947 0.3483 2900
1648031262554 0.3821 3000
1648031495298 0.4053 3100
1648031635051 0.4018 3200
1648031773524 0.3611 3300
1648031913199 0.2961 3400
1648032052679 0.2916 3500
1648032285186 0.2766 3600
1648032424738 0.3397 3700
1648032564614 0.2967 3800
1648032704319 0.3213 3900
1648032843749 0.3249 4000
1648033075119 0.2703 4100
1648033214681 0.2481 4200
1648033354421 0.2262 4300
1648033493910 0.2304 4400
1648033633493 0.2552 4500
1648033866044 0.2559 4600
1648034005597 0.2577 4700
1648034145209 0.2578 4800
1648034283642 0.2418 4900
1648034423989 0.1943 5000
1648034656341 0.1899 5100
1648034795921 0.1982 5200
1648034935580 0.2327 5300
1648035075104 0.2109 5400
1648035214874 0.1927 5500
1648035447236 0.2374 5600
1648035585473 0.2353 5700
1648035724997 0.1398 5800
1648035864417 0.1593 5900
1648036003889 0.1708 6000
1648036236297 0.1887 6100
1648036375876 0.1865 6200
1648036515430 0.1956 6300
1648036654992 0.1977 6400
1648036794492 0.1795 6500
1648037026037 0.1295 6600
1648037165652 0.1271 6700
1648037305347 0.1448 6800
1648037444994 0.1563 6900
1648037584697 0.1484 7000
1648037817189 0.1711 7100
1648037956862 0.1278 7200
1648038096513 0.1741 7300
1648038234939 0.1167 7400
1648038374472 0.0991 7500
1648038607417 0.1049 7600
1648038747205 0.1364 7700
1648038886753 0.1281 7800
1648039026323 0.131 7900
1648039165845 0.1245 8000
1648039398579 0.1274 8100
1648039536839 0.1033 8200
1648039676394 0.0947 8300
1648039816178 0.1046 8400
1648039955764 0.0871 8500
1648040188221 0.0814 8600
1648040327705 0.1014 8700
1648040467209 0.112 8800
1648040606734 0.1168 8900
1648040745073 0.0809 9000
1648040977399 0.0506 9100
1648041116818 0.0732 9200
1648041256303 0.0767 9300
1648041395781 0.0787 9400
1648041535254 0.0943 9500
1648041767510 0.0763 9600
1648041907040 0.0905 9700
1648042045364 0.0717 9800
1648042184849 0.0719 9900
1648042324369 0.0525 10000
1648042556724 0.0762 10100
1648042696182 0.0561 10200
1648042835604 0.055 10300
1648042975218 0.0701 10400
1648043114721 0.0716 10500
1648043345927 0.0547 10600
1648043485484 0.0507 10700
1648043625054 0.0341 10800
1648043764530 0.0584 10900
1648043904111 0.0523 11000
1648044136544 0.0423 11100
1648044276228 0.0494 11200
1648044415808 0.054 11300
1648044554123 0.0494 11400
1648044693661 0.0278 11500
1648044926037 0.0316 11600
1648045065468 0.0195 11700
1648045204909 0.034 11800
1648045447087 0.0432 11900
1648045624496 0.0576 12000
1648045857092 0.0381 12100
1648045995254 0.0426 12200
1648046134696 0.0157 12300
1648046274192 0.0243 12400
1648046413647 0.0294 12500
1648046645837 0.0343 12600
1648046785376 0.02 12700
1648046924720 0.0346 12800
1648047064107 0.0257 12900
1648047203454 0.0302 13000
1648047568340 0.0115 13100
1648047707705 0.0145 13200
1648047847109 0.0115 13300
1648047986590 0.0089 13400
1648048125994 0.0187 13500
1648048358432 0.026 13600
1648048498274 0.0162 13700
1648048638204 0.0208 13800
1648048776478 0.0129 13900
1648048916051 0.0064 14000
1648049148514 0.0055 14100
1648049288009 0.0171 14200
1648049428074 0.0074 14300
1648049567708 0.0072 14400
1648049707242 0.0079 14500
1648049939583 0.0116 14600
1648050077802 0.0052 14700
1648050217216 0.0081 14800
1648050356821 0.007 14900
1648050496172 0.0036 15000
1648050728618 0.002 15100
1648050868179 0.0104 15200
1648051007782 0.0067 15300
1648051147311 0.0017 15400
1648051285831 0.0027 15500
1648051518273 0.0051 15600
1648051657758 0.0052 15700
1648051797316 0.0016 15800
1648051936868 0.0047 15900
1648052076480 0.0003 16000
1648052308927 0.0019 16100
1648052448365 0.0012 16200
