1648055337548 0.12 100
1648055477012 0.25 200
1648055616511 0.37 300
1648055756032 0.49 400
1648055895491 0.62 500
1648055981815 0.62 500
1648056127828 0.74 600
1648056267279 0.86 700
1648056406677 0.98 800
1648056544804 1.11 900
1648056684026 1.23 1000
1648056770209 1.23 1000
1648056915451 1.35 1100
1648057054974 1.48 1200
1648057194507 1.6 1300
1648057334128 1.72 1400
1648057473730 1.85 1500
1648057559925 1.85 1500
1648057705431 1.97 1600
1648057843948 2.09 1700
1648057983374 2.21 1800
1648058122772 2.34 1900
1648058262147 2.46 2000
1648058348338 2.46 2000
1648058493734 2.58 2100
1648058633188 2.71 2200
1648058772560 2.83 2300
1648058911916 2.95 2400
1648059050079 3.08 2500
1648059136251 3.08 2500
1648059281662 3.2 2600
1648059421113 3.32 2700
1648059560552 3.44 2800
1648059700029 3.57 2900
1648059839513 3.69 3000
1648059925688 3.69 3000
1648060071502 3.81 3100
1648060210895 3.94 3200
1648060349211 4.06 3300
1648060488668 4.18 3400
1648060628033 4.31 3500
1648060714245 4.31 3500
1648060860027 4.43 3600
1648060999588 4.55 3700
1648061139171 4.67 3800
1648061278769 4.8 3900
1648061418248 4.92 4000
1648061504419 4.92 4000
1648061648980 5.04 4100
1648061788293 5.17 4200
1648061927619 5.29 4300
1648062066971 5.41 4400
1648062206452 5.54 4500
1648062292644 5.54 4500
1648062438522 5.66 4600
1648062578017 5.78 4700
1648062717492 5.9 4800
1648062855785 6.03 4900
1648062995651 6.15 5000
1648063081858 6.15 5000
1648063227881 6.27 5100
1648063367392 6.4 5200
1648063506906 6.52 5300
1648063646457 6.64 5400
1648063786330 6.77 5500
1648063872552 6.77 5500
1648064019679 6.89 5600
1648064158309 7.01 5700
1648064297828 7.13 5800
1648064437405 7.26 5900
1648064577030 7.38 6000
1648064663241 7.38 6000
1648064809232 7.5 6100
1648064948660 7.63 6200
1648065088254 7.75 6300
1648065228392 7.87 6400
1648065367892 8.0 6500
1648065454094 8.0 6500
1648065598826 8.12 6600
1648065738317 8.24 6700
1648065877801 8.36 6800
1648066017314 8.49 6900
1648066156823 8.61 7000
1648066243025 8.61 7000
1648066389191 8.73 7100
1648066528675 8.86 7200
1648066668168 8.98 7300
1648066806522 9.1 7400
1648066946031 9.23 7500
1648067032213 9.23 7500
1648067177960 9.35 7600
1648067317297 9.47 7700
1648067456748 9.59 7800
1648067596327 9.72 7900
1648067735657 9.84 8000
1648067821879 9.84 8000
1648067967840 9.96 8100
1648068106233 10.09 8200
1648068245769 10.21 8300
1648068385320 10.33 8400
1648068524889 10.46 8500
1648068611081 10.46 8500
1648068756887 10.58 8600
1648068896293 10.7 8700
1648069035788 10.82 8800
1648069175262 10.95 8900
1648069313619 11.07 9000
1648069399829 11.07 9000
1648069545751 11.19 9100
1648069685344 11.32 9200
1648069825056 11.44 9300
1648069965789 11.56 9400
1648070106361 11.69 9500
1648070192591 11.69 9500
1648070338635 11.81 9600
1648070478207 11.93 9700
1648070616630 12.05 9800
1648070756225 12.18 9900
1648070895803 12.3 10000
1648070982021 12.3 10000
1648071128008 12.42 10100
1648071267495 12.55 10200
1648071406979 12.67 10300
1648071546490 12.79 10400
1648071685920 12.92 10500
1648071772278 12.92 10500
1648071917275 13.04 10600
1648072056901 13.16 10700
1648072196452 13.28 10800
1648072336030 13.41 10900
1648072475601 13.53 11000
1648072561841 13.53 11000
1648072707933 13.65 11100
1648072847596 13.78 11200
1648072987284 13.9 11300
1648073125784 14.02 11400
1648073265469 14.15 11500
1648073351748 14.15 11500
1648073498256 14.27 11600
1648073637928 14.39 11700
1648073777771 14.51 11800
1648073917434 14.64 11900
1648074057124 14.76 12000
1648074143357 14.76 12000
1648074289521 14.88 12100
1648074428154 15.01 12200
1648074567798 15.13 12300
1648074707490 15.25 12400
1648074847253 15.38 12500
1648074933464 15.38 12500
1648075079608 15.5 12600
1648075219387 15.62 12700
1648075358847 15.74 12800
1648075498469 15.87 12900
1648075638563 15.99 13000
1648075724869 15.99 13000
1648075869780 16.11 13100
1648076009375 16.24 13200
1648076148967 16.36 13300
1648076288557 16.48 13400
1648076428127 16.61 13500
1648076514309 16.61 13500
1648076660313 16.73 13600
1648076800301 16.85 13700
1648076939923 16.97 13800
1648077078462 17.1 13900
1648077218031 17.22 14000
1648077304203 17.22 14000
1648077450031 17.34 14100
1648077589455 17.47 14200
1648077728972 17.59 14300
1648077868499 17.71 14400
1648078008024 17.84 14500
1648078094211 17.84 14500
1648078240022 17.96 14600
1648078378339 18.08 14700
1648078517882 18.2 14800
1648078657383 18.33 14900
1648078796952 18.45 15000
1648078883130 18.45 15000
1648079028996 18.57 15100
1648079168433 18.7 15200
1648079307883 18.82 15300
1648079447306 18.94 15400
1648079585522 19.07 15500
1648079671698 19.07 15500
1648079817615 19.19 15600
1648079957053 19.31 15700
1648080096447 19.43 15800
1648080235883 19.56 15900
1648080375314 19.68 16000
1648080461490 19.68 16000
1648080607274 19.8 16100
1648080746656 19.93 16200
1648080830036 20.0 16260
