1648055337547 1e-05 100
1648055477011 2e-05 200
1648055616511 3e-05 300
1648055756031 4e-05 400
1648055895491 5e-05 500
1648056127827 4.968274111675127e-05 600
1648056267278 4.936548223350254e-05 700
1648056406676 4.904822335025381e-05 800
1648056544804 4.873096446700508e-05 900
1648056684025 4.8413705583756344e-05 1000
1648056915451 4.809644670050762e-05 1100
1648057054973 4.777918781725889e-05 1200
1648057194507 4.746192893401015e-05 1300
1648057334127 4.7144670050761425e-05 1400
1648057473729 4.682741116751269e-05 1500
1648057705431 4.651015228426396e-05 1600
1648057843947 4.619289340101523e-05 1700
1648057983374 4.58756345177665e-05 1800
1648058122772 4.555837563451777e-05 1900
1648058262146 4.5241116751269035e-05 2000
1648058493734 4.492385786802031e-05 2100
1648058633187 4.460659898477157e-05 2200
1648058772559 4.428934010152285e-05 2300
1648058911915 4.3972081218274116e-05 2400
1648059050079 4.365482233502538e-05 2500
1648059281662 4.333756345177665e-05 2600
1648059421112 4.302030456852792e-05 2700
1648059560551 4.270304568527919e-05 2800
1648059700029 4.238578680203046e-05 2900
1648059839512 4.206852791878173e-05 3000
1648060071501 4.1751269035532995e-05 3100
1648060210895 4.143401015228426e-05 3200
1648060349210 4.111675126903554e-05 3300
1648060488667 4.07994923857868e-05 3400
1648060628032 4.0482233502538075e-05 3500
1648060860026 4.0164974619289343e-05 3600
1648060999587 3.9847715736040605e-05 3700
1648061139170 3.953045685279188e-05 3800
1648061278768 3.921319796954315e-05 3900
1648061418248 3.889593908629442e-05 4000
1648061648980 3.8578680203045685e-05 4100
1648061788292 3.826142131979696e-05 4200
1648061927619 3.794416243654822e-05 4300
1648062066970 3.762690355329949e-05 4400
1648062206452 3.7309644670050766e-05 4500
1648062438521 3.699238578680203e-05 4600
1648062578016 3.66751269035533e-05 4700
1648062717491 3.635786802030457e-05 4800
1648062855784 3.604060913705584e-05 4900
1648062995651 3.572335025380711e-05 5000
1648063227880 3.5406091370558376e-05 5100
1648063367391 3.5088832487309645e-05 5200
1648063506905 3.477157360406091e-05 5300
1648063646456 3.445431472081219e-05 5400
1648063786330 3.413705583756345e-05 5500
1648064019678 3.381979695431472e-05 5600
1648064158308 3.3502538071065994e-05 5700
1648064297827 3.318527918781726e-05 5800
1648064437404 3.286802030456853e-05 5900
1648064577030 3.25507614213198e-05 6000
1648064809231 3.223350253807107e-05 6100
1648064948660 3.1916243654822336e-05 6200
1648065088254 3.1598984771573604e-05 6300
1648065228392 3.128172588832487e-05 6400
1648065367891 3.096446700507614e-05 6500
1648065598825 3.0647208121827416e-05 6600
1648065738317 3.032994923857868e-05 6700
1648065877800 3.0012690355329953e-05 6800
1648066017313 2.969543147208122e-05 6900
1648066156822 2.9378172588832486e-05 7000
1648066389190 2.9060913705583758e-05 7100
1648066528674 2.8743654822335027e-05 7200
1648066668167 2.84263959390863e-05 7300
1648066806521 2.8109137055837563e-05 7400
1648066946030 2.7791878172588832e-05 7500
1648067177959 2.7474619289340104e-05 7600
1648067317297 2.715736040609137e-05 7700
1648067456748 2.6840101522842644e-05 7800
1648067596326 2.652284263959391e-05 7900
1648067735657 2.620558375634518e-05 8000
1648067967839 2.588832487309645e-05 8100
1648068106232 2.5571065989847714e-05 8200
1648068245768 2.5253807106598986e-05 8300
1648068385320 2.4936548223350258e-05 8400
1648068524889 2.4619289340101523e-05 8500
1648068756886 2.430203045685279e-05 8600
1648068896292 2.3984771573604063e-05 8700
1648069035787 2.366751269035533e-05 8800
1648069175261 2.33502538071066e-05 8900
1648069313618 2.303299492385787e-05 9000
1648069545751 2.2715736040609136e-05 9100
1648069685344 2.2398477157360405e-05 9200
1648069825055 2.2081218274111677e-05 9300
1648069965788 2.1763959390862945e-05 9400
1648070106360 2.1446700507614213e-05 9500
1648070338634 2.1129441624365485e-05 9600
1648070478207 2.0812182741116754e-05 9700
1648070616630 2.049492385786802e-05 9800
1648070756224 2.017766497461929e-05 9900
1648070895802 1.986040609137056e-05 10000
1648071128007 1.9543147208121827e-05 10100
1648071267495 1.92258883248731e-05 10200
1648071406979 1.8908629441624368e-05 10300
1648071546490 1.8591370558375633e-05 10400
1648071685919 1.8274111675126904e-05 10500
1648071917274 1.7956852791878173e-05 10600
1648072056900 1.763959390862944e-05 10700
1648072196451 1.7322335025380713e-05 10800
1648072336030 1.700507614213198e-05 10900
1648072475600 1.668781725888325e-05 11000
1648072707933 1.6370558375634518e-05 11100
1648072847595 1.6053299492385787e-05 11200
1648072987283 1.5736040609137055e-05 11300
1648073125783 1.5418781725888327e-05 11400
1648073265468 1.5101522842639595e-05 11500
1648073498255 1.4784263959390865e-05 11600
1648073637927 1.4467005076142132e-05 11700
1648073777771 1.41497461928934e-05 11800
1648073917434 1.383248730964467e-05 11900
1648074057124 1.351522842639594e-05 12000
1648074289521 1.3197969543147209e-05 12100
1648074428153 1.288071065989848e-05 12200
1648074567797 1.2563451776649746e-05 12300
1648074707489 1.2246192893401016e-05 12400
1648074847253 1.1928934010152284e-05 12500
1648075079607 1.1611675126903555e-05 12600
1648075219386 1.1294416243654823e-05 12700
1648075358847 1.0977157360406091e-05 12800
1648075498468 1.0659898477157361e-05 12900
1648075638562 1.034263959390863e-05 13000
1648075869780 1.0025380710659898e-05 13100
1648076009374 9.708121827411168e-06 13200
1648076148966 9.390862944162437e-06 13300
1648076288556 9.073604060913705e-06 13400
1648076428127 8.756345177664975e-06 13500
1648076660312 8.439086294416244e-06 13600
1648076800300 8.121827411167512e-06 13700
1648076939922 7.804568527918782e-06 13800
1648077078462 7.4873096446700515e-06 13900
1648077218030 7.170050761421321e-06 14000
1648077450031 6.852791878172589e-06 14100
1648077589454 6.535532994923858e-06 14200
1648077728971 6.218274111675127e-06 14300
1648077868499 5.901015228426397e-06 14400
1648078008023 5.583756345177665e-06 14500
1648078240021 5.266497461928934e-06 14600
1648078378338 4.949238578680204e-06 14700
1648078517881 4.631979695431472e-06 14800
1648078657383 4.3147208121827415e-06 14900
1648078796951 3.997461928934011e-06 15000
1648079028995 3.680203045685279e-06 15100
1648079168433 3.362944162436548e-06 15200
1648079307883 3.0456852791878177e-06 15300
1648079447305 2.728426395939086e-06 15400
1648079585521 2.4111675126903553e-06 15500
1648079817615 2.0939086294416246e-06 15600
1648079957053 1.7766497461928936e-06 15700
1648080096446 1.4593908629441625e-06 15800
1648080235882 1.1421319796954315e-06 15900
1648080375314 8.248730964467006e-07 16000
1648080607274 5.076142131979695e-07 16100
1648080746656 1.903553299492386e-07 16200
