1648055337546 3.0288 100
1648055477010 1.2911 200
1648055616509 0.506 300
1648055756031 0.4195 400
1648055895490 0.342 500
1648056127826 0.3394 600
1648056267277 0.2929 700
1648056406675 0.289 800
1648056544803 0.2411 900
1648056684024 0.2339 1000
1648056915450 0.2387 1100
1648057054972 0.2101 1200
1648057194506 0.2178 1300
1648057334126 0.2081 1400
1648057473728 0.1738 1500
1648057705430 0.1927 1600
1648057843947 0.1926 1700
1648057983373 0.1773 1800
1648058122771 0.177 1900
1648058262145 0.1637 2000
1648058493733 0.1745 2100
1648058633186 0.1476 2200
1648058772558 0.1491 2300
1648058911915 0.137 2400
1648059050078 0.1446 2500
1648059281661 0.1509 2600
1648059421111 0.1485 2700
1648059560550 0.1419 2800
1648059700028 0.1282 2900
1648059839511 0.1163 3000
1648060071501 0.1515 3100
1648060210894 0.1191 3200
1648060349209 0.1315 3300
1648060488666 0.1341 3400
1648060628032 0.1176 3500
1648060860025 0.1125 3600
1648060999586 0.1118 3700
1648061139170 0.1008 3800
1648061278767 0.106 3900
1648061418247 0.1045 4000
1648061648979 0.0999 4100
1648061788292 0.0892 4200
1648061927618 0.1177 4300
1648062066970 0.0969 4400
1648062206451 0.1068 4500
1648062438520 0.0961 4600
1648062578015 0.0924 4700
1648062717490 0.0868 4800
1648062855783 0.1001 4900
1648062995650 0.0888 5000
1648063227879 0.0961 5100
1648063367390 0.0852 5200
1648063506904 0.0888 5300
1648063646456 0.0734 5400
1648063786329 0.0919 5500
1648064019677 0.0863 5600
1648064158307 0.0751 5700
1648064297826 0.0752 5800
1648064437404 0.0776 5900
1648064577029 0.0769 6000
1648064809231 0.0685 6100
1648064948659 0.0744 6200
1648065088253 0.0768 6300
1648065228391 0.0713 6400
1648065367890 0.0631 6500
1648065598825 0.0848 6600
1648065738316 0.061 6700
1648065877799 0.0619 6800
1648066017312 0.0764 6900
1648066156821 0.0535 7000
1648066389190 0.0748 7100
1648066528673 0.0742 7200
1648066668167 0.045 7300
1648066806520 0.0652 7400
1648066946029 0.0467 7500
1648067177958 0.0514 7600
1648067317296 0.0477 7700
1648067456747 0.0697 7800
1648067596325 0.0509 7900
1648067735656 0.0521 8000
1648067967838 0.0482 8100
1648068106231 0.0692 8200
1648068245767 0.0509 8300
1648068385319 0.0537 8400
1648068524888 0.0304 8500
1648068756885 0.0421 8600
1648068896291 0.0461 8700
1648069035786 0.054 8800
1648069175260 0.0468 8900
1648069313617 0.0457 9000
1648069545750 0.0536 9100
1648069685343 0.0425 9200
1648069825054 0.0284 9300
1648069965787 0.0371 9400
1648070106360 0.0349 9500
1648070338633 0.0463 9600
1648070478206 0.0365 9700
1648070616629 0.0436 9800
1648070756223 0.0338 9900
1648070895801 0.0397 10000
1648071128006 0.0333 10100
1648071267494 0.0313 10200
1648071406978 0.0308 10300
1648071546489 0.0348 10400
1648071685918 0.0399 10500
1648071917273 0.0486 10600
1648072056899 0.0294 10700
1648072196450 0.0364 10800
1648072336029 0.0303 10900
1648072475599 0.0265 11000
1648072707932 0.0268 11100
1648072847595 0.0204 11200
1648072987282 0.0336 11300
1648073125782 0.0268 11400
1648073265467 0.0227 11500
1648073498254 0.0243 11600
1648073637927 0.0312 11700
1648073777770 0.0192 11800
1648073917433 0.0127 11900
1648074057123 0.0254 12000
1648074289520 0.0234 12100
1648074428152 0.0267 12200
1648074567796 0.0216 12300
1648074707489 0.021 12400
1648074847252 0.0211 12500
1648075079606 0.0216 12600
1648075219385 0.0183 12700
1648075358846 0.0219 12800
1648075498468 0.0208 12900
1648075638561 0.0233 13000
1648075869779 0.0156 13100
1648076009373 0.0218 13200
1648076148965 0.015 13300
1648076288555 0.0179 13400
1648076428126 0.0158 13500
1648076660312 0.0164 13600
1648076800300 0.0142 13700
1648076939921 0.0113 13800
1648077078461 0.0106 13900
1648077218029 0.0147 14000
1648077450030 0.0118 14100
1648077589453 0.0106 14200
1648077728970 0.0098 14300
1648077868498 0.0089 14400
1648078008022 0.0165 14500
1648078240020 0.012 14600
1648078378337 0.0098 14700
1648078517880 0.0099 14800
1648078657382 0.0078 14900
1648078796950 0.0104 15000
1648079028994 0.0093 15100
1648079168432 0.0125 15200
1648079307882 0.0135 15300
1648079447304 0.0086 15400
1648079585520 0.0103 15500
1648079817614 0.007 15600
1648079957052 0.008 15700
1648080096445 0.0103 15800
1648080235881 0.0139 15900
1648080375313 0.0084 16000
1648080607273 0.0103 16100
1648080746655 0.0056 16200
